{
  "1": {
    "Type": "Place",
    "Time": "1 2.4548091888427734",
    "Rot": 0,
    "Pos": "86.4730988, 80.311203, -539.40271, 0.993451893, -0.078747265, 0.0827785954, -3.7252903e-09, 0.724529028, 0.68924433, -0.114251591, -0.684731066, 0.719784677",
    "Unit": "Bulba"
  },
  "2": {
    "Time": "1 10.72851300239563",
    "Type": "SkipWave"
  },
  "3": {
    "Type": "Place",
    "Time": "2 4.1850974559783936",
    "Rot": 0,
    "Pos": "82.2072906, 80.311203, -541.111023, 0.225844741, 0.813087463, -0.536547363, -0, 0.550777614, 0.834652126, 0.974163294, -0.18850179, 0.124390244",
    "Unit": "Bulba"
  },
  "4": {
    "Time": "2 11.538516521453857",
    "Type": "SkipWave"
  },
  "5": {
    "Type": "Place",
    "Time": "3 2.27339768409729",
    "Rot": 0,
    "Pos": "79.483551, 80.3111877, -530.374146, -0.671154261, 0.686028183, -0.280922562, -0, 0.378950298, 0.925417125, 0.741317809, 0.621097624, -0.254334062",
    "Unit": "Speedcart"
  },
  "6": {
    "Time": "3 17.255650758743286",
    "Type": "SkipWave"
  },
  "7": {
    "Type": "Place",
    "Time": "4 1.078922986984253",
    "Rot": 0,
    "Pos": "76.9547501, 83.3782806, -562.23761, 0.428466141, 0.654466748, -0.622968853, -0, 0.689462066, 0.724321902, 0.903557837, -0.310347408, 0.29541114",
    "Unit": "Twenty One [Demon]"
  },
  "8": {
    "Type": "Place",
    "Time": "4 15.712648153305054",
    "Rot": 0,
    "Pos": "76.7628098, 80.311203, -543.536987, -0.419725329, 0.698853016, -0.579167724, -0, 0.638095081, 0.769957662, 0.907651246, 0.323170722, -0.26782462",
    "Unit": "Bulba"
  },
  "9": {
    "Time": "4 22.936206817626953",
    "Type": "SkipWave"
  },
  "10": {
    "Type": "Place",
    "Time": "5 0.6994781494140625",
    "Rot": 0,
    "Pos": "69.9375, 80.311203, -550.021606, 0.0533889011, 0.894962251, -0.442936063, -0, 0.443568677, 0.896240473, 0.99857378, -0.0478492938, 0.0236816462",
    "Unit": "Ruki"
  },
  "11": {
    "Type": "Place",
    "Time": "5 6.721797466278076",
    "Rot": 0,
    "Pos": "80.2542419, 83.4202728, -560.803467, 0.454585403, 0.576146781, -0.679269493, 1.4901163e-08, 0.762621641, 0.646844864, 0.890703201, -0.294046223, 0.346676618",
    "Unit": "Twenty One [Demon]"
  },
  "12": {
    "Type": "Upgrade",
    "Time": "5 16.050142288208008",
    "Pos": "76.7628098, 80.311203, -543.536987, -0.419725329, 0.698853016, -0.579167724, -0, 0.638095081, 0.769957662, 0.907651246, 0.323170722, -0.26782462"
  },
  "13": {
    "Time": "5 18.90960144996643",
    "Type": "SkipWave"
  },
  "14": {
    "Type": "Upgrade",
    "Time": "6 4.227075099945068",
    "Pos": "82.2072906, 80.311203, -541.111023, 0.225844741, 0.813087463, -0.536547363, -0, 0.550777614, 0.834652126, 0.974163294, -0.18850179, 0.124390244"
  },
  "15": {
    "Type": "Upgrade",
    "Time": "6 8.546689987182617",
    "Pos": "86.4730988, 80.311203, -539.40271, 0.993451893, -0.078747265, 0.0827785954, -3.7252903e-09, 0.724529028, 0.68924433, -0.114251591, -0.684731066, 0.719784677"
  },
  "16": {
    "Type": "Upgrade",
    "Time": "6 10.474676847457886",
    "Pos": "79.483551, 80.3111877, -530.374146, -0.671154261, 0.686028183, -0.280922562, -0, 0.378950298, 0.925417125, 0.741317809, 0.621097624, -0.254334062"
  },
  "17": {
    "Type": "Place",
    "Time": "6 14.133698225021362",
    "Rot": 0,
    "Pos": "64.8472137, 80.311203, -555.927185, 0.68410629, 0.679087698, -0.266155064, -0, 0.364904702, 0.931044877, 0.729382336, -0.636933684, 0.24963361",
    "Unit": "Ruki"
  },
  "18": {
    "Time": "6 27.059629440307617",
    "Type": "SkipWave"
  },
  "19": {
    "Type": "Place",
    "Time": "6 27.278359413146973",
    "Rot": 0,
    "Pos": "89.5551987, 80.3111877, -531.02948, -0.500992715, 0.480323493, -0.719927549, -0, 0.831851959, 0.554997623, 0.865451455, 0.278049767, -0.416751772",
    "Unit": "Ruki"
  },
  "20": {
    "Type": "Upgrade",
    "Time": "7 1.8493831157684326",
    "Pos": "79.483551, 80.3111877, -530.374146, -0.671154261, 0.686028183, -0.280922562, -0, 0.378950298, 0.925417125, 0.741317809, 0.621097624, -0.254334062"
  },
  "21": {
    "Type": "Upgrade",
    "Time": "7 3.5752904415130615",
    "Pos": "79.483551, 80.3111877, -530.374146, -0.671154261, 0.686028183, -0.280922562, -0, 0.378950298, 0.925417125, 0.741317809, 0.621097624, -0.254334062"
  },
  "22": {
    "Type": "Upgrade",
    "Time": "7 26.425318002700806",
    "Pos": "76.7628098, 80.311203, -543.536987, -0.419725329, 0.698853016, -0.579167724, -0, 0.638095081, 0.769957662, 0.907651246, 0.323170722, -0.26782462"
  },
  "23": {
    "Time": "7 27.036116123199463",
    "Type": "SkipWave"
  },
  "24": {
    "Type": "Upgrade",
    "Time": "8 0.32845544815063477",
    "Pos": "79.483551, 80.3111877, -530.374146, -0.671154261, 0.686028183, -0.280922562, -0, 0.378950298, 0.925417125, 0.741317809, 0.621097624, -0.254334062"
  },
  "25": {
    "Type": "Place",
    "Time": "8 4.474363565444946",
    "Rot": 0,
    "Pos": "71.4545135, 80.311203, -552.628906, 0.232698143, 0.844196975, -0.482890218, -7.45057971e-09, 0.496520162, 0.868025184, 0.972548962, -0.201987848, 0.115539342",
    "Unit": "Dragon Emperor [Hybrid]"
  },
  "26": {
    "Type": "Upgrade",
    "Time": "8 13.648766994476318",
    "Pos": "82.2072906, 80.311203, -541.111023, 0.225844741, 0.813087463, -0.536547363, -0, 0.550777614, 0.834652126, 0.974163294, -0.18850179, 0.124390244"
  },
  "27": {
    "Time": "8 29.54383111000061",
    "Type": "SkipWave"
  },
  "28": {
    "Type": "Upgrade",
    "Time": "9 16.123472929000854",
    "Pos": "79.483551, 80.3111877, -530.374146, -0.671154261, 0.686028183, -0.280922562, -0, 0.378950298, 0.925417125, 0.741317809, 0.621097624, -0.254334062"
  },
  "29": {
    "Type": "Upgrade",
    "Time": "9 19.46384859085083",
    "Pos": "76.7628098, 80.311203, -543.536987, -0.419725329, 0.698853016, -0.579167724, -0, 0.638095081, 0.769957662, 0.907651246, 0.323170722, -0.26782462"
  },
  "30": {
    "Type": "Upgrade",
    "Time": "9 20.067907094955444",
    "Pos": "76.7628098, 80.311203, -543.536987, -0.419725329, 0.698853016, -0.579167724, -0, 0.638095081, 0.769957662, 0.907651246, 0.323170722, -0.26782462"
  },
  "31": {
    "Type": "Upgrade",
    "Time": "9 25.288596391677856",
    "Pos": "76.7628098, 80.311203, -543.536987, -0.419725329, 0.698853016, -0.579167724, -0, 0.638095081, 0.769957662, 0.907651246, 0.323170722, -0.26782462"
  },
  "32": {
    "Time": "9 27.048194646835327",
    "Type": "SkipWave"
  },
  "33": {
    "Type": "Upgrade",
    "Time": "10 0.6028802394866943",
    "Pos": "79.483551, 80.3111877, -530.374146, -0.671154261, 0.686028183, -0.280922562, -0, 0.378950298, 0.925417125, 0.741317809, 0.621097624, -0.254334062"
  },
  "34": {
    "Type": "Place",
    "Time": "10 16.833195209503174",
    "Rot": 0,
    "Pos": "87.3541946, 80.3111877, -529.620422, -0.651626885, 0.450735122, -0.6100986, -0, 0.804306805, 0.594214261, 0.758539736, 0.387205988, -0.524107873",
    "Unit": "Ruki"
  },
  "35": {
    "Type": "Upgrade",
    "Time": "10 22.25867009162903",
    "Pos": "82.2072906, 80.311203, -541.111023, 0.225844741, 0.813087463, -0.536547363, -0, 0.550777614, 0.834652126, 0.974163294, -0.18850179, 0.124390244"
  },
  "36": {
    "Type": "Upgrade",
    "Time": "10 22.6243896484375",
    "Pos": "82.2072906, 80.311203, -541.111023, 0.225844741, 0.813087463, -0.536547363, -0, 0.550777614, 0.834652126, 0.974163294, -0.18850179, 0.124390244"
  },
  "37": {
    "Type": "Upgrade",
    "Time": "10 23.813666820526123",
    "Pos": "82.2072906, 80.311203, -541.111023, 0.225844741, 0.813087463, -0.536547363, -0, 0.550777614, 0.834652126, 0.974163294, -0.18850179, 0.124390244"
  },
  "38": {
    "Type": "Upgrade",
    "Time": "10 28.055833339691162",
    "Pos": "86.4730988, 80.311203, -539.40271, 0.993451893, -0.078747265, 0.0827785954, -3.7252903e-09, 0.724529028, 0.68924433, -0.114251591, -0.684731066, 0.719784677"
  },
  "39": {
    "Time": "10 28.680690050125122",
    "Type": "SkipWave"
  },
  "40": {
    "Type": "Upgrade",
    "Time": "11 5.146406173706055",
    "Pos": "86.4730988, 80.311203, -539.40271, 0.993451893, -0.078747265, 0.0827785954, -3.7252903e-09, 0.724529028, 0.68924433, -0.114251591, -0.684731066, 0.719784677"
  },
  "41": {
    "Type": "Upgrade",
    "Time": "11 5.675875663757324",
    "Pos": "86.4730988, 80.311203, -539.40271, 0.993451893, -0.078747265, 0.0827785954, -3.7252903e-09, 0.724529028, 0.68924433, -0.114251591, -0.684731066, 0.719784677"
  },
  "42": {
    "Type": "Upgrade",
    "Time": "11 6.295886278152466",
    "Pos": "86.4730988, 80.311203, -539.40271, 0.993451893, -0.078747265, 0.0827785954, -3.7252903e-09, 0.724529028, 0.68924433, -0.114251591, -0.684731066, 0.719784677"
  },
  "43": {
    "Type": "Upgrade",
    "Time": "11 10.784377098083496",
    "Pos": "79.483551, 80.3111877, -530.374146, -0.671154261, 0.686028183, -0.280922562, -0, 0.378950298, 0.925417125, 0.741317809, 0.621097624, -0.254334062"
  },
  "44": {
    "Type": "Upgrade",
    "Time": "11 16.83110213279724",
    "Pos": "76.9547501, 83.3782806, -562.23761, 0.428466141, 0.654466748, -0.622968853, -0, 0.689462066, 0.724321902, 0.903557837, -0.310347408, 0.29541114"
  },
  "45": {
    "Time": "11 25.436184406280518",
    "Type": "SkipWave"
  },
  "46": {
    "Type": "Upgrade",
    "Time": "12 1.3461177349090576",
    "Pos": "76.9547501, 83.3782806, -562.23761, 0.428466141, 0.654466748, -0.622968853, -0, 0.689462066, 0.724321902, 0.903557837, -0.310347408, 0.29541114"
  },
  "47": {
    "Type": "Upgrade",
    "Time": "12 1.8942921161651611",
    "Pos": "76.9547501, 83.3782806, -562.23761, 0.428466141, 0.654466748, -0.622968853, -0, 0.689462066, 0.724321902, 0.903557837, -0.310347408, 0.29541114"
  },
  "48": {
    "Type": "Upgrade",
    "Time": "12 2.506513833999634",
    "Pos": "76.9547501, 83.3782806, -562.23761, 0.428466141, 0.654466748, -0.622968853, -0, 0.689462066, 0.724321902, 0.903557837, -0.310347408, 0.29541114"
  },
  "49": {
    "Type": "Upgrade",
    "Time": "12 3.2812623977661133",
    "Pos": "76.9547501, 83.3782806, -562.23761, 0.428466141, 0.654466748, -0.622968853, -0, 0.689462066, 0.724321902, 0.903557837, -0.310347408, 0.29541114"
  },
  "50": {
    "Type": "Place",
    "Time": "12 18.17707109451294",
    "Rot": 0,
    "Pos": "71.5764465, 80.311203, -558.799622, 0.606930733, 0.6543926, -0.451004893, -0, 0.567476869, 0.823389351, 0.794754744, -0.499740303, 0.344419122",
    "Unit": "Hawk Eyes [Warlord]"
  },
  "51": {
    "Type": "Upgrade",
    "Time": "12 19.438483715057373",
    "Pos": "71.5764465, 80.311203, -558.799622, 0.606930733, 0.6543926, -0.451004893, -0, 0.567476869, 0.823389351, 0.794754744, -0.499740303, 0.344419122"
  },
  "52": {
    "Type": "Upgrade",
    "Time": "12 19.971863508224487",
    "Pos": "71.5764465, 80.311203, -558.799622, 0.606930733, 0.6543926, -0.451004893, -0, 0.567476869, 0.823389351, 0.794754744, -0.499740303, 0.344419122"
  },
  "53": {
    "Time": "12 25.430516004562378",
    "Type": "SkipWave"
  },
  "54": {
    "Type": "Place",
    "Time": "12 27.761738061904907",
    "Rot": 0,
    "Pos": "73.956459, 80.311203, -557.248718, 0.482249737, 0.705499887, -0.519331574, -1.4901163e-08, 0.592821479, 0.805333972, 0.876033902, -0.388372093, 0.285887957",
    "Unit": "Hawk Eyes [Warlord]"
  },
  "55": {
    "Type": "Upgrade",
    "Time": "13 2.863779067993164",
    "Pos": "76.9547501, 83.3782806, -562.23761, 0.428466141, 0.654466748, -0.622968853, -0, 0.689462066, 0.724321902, 0.903557837, -0.310347408, 0.29541114"
  },
  "56": {
    "Type": "Upgrade",
    "Time": "13 3.5923714637756348",
    "Pos": "76.9547501, 83.3782806, -562.23761, 0.428466141, 0.654466748, -0.622968853, -0, 0.689462066, 0.724321902, 0.903557837, -0.310347408, 0.29541114"
  },
  "57": {
    "Type": "Upgrade",
    "Time": "13 13.910717964172363",
    "Pos": "71.5764465, 80.311203, -558.799622, 0.606930733, 0.6543926, -0.451004893, -0, 0.567476869, 0.823389351, 0.794754744, -0.499740303, 0.344419122"
  },
  "58": {
    "Time": "13 21.34099769592285",
    "Type": "SkipWave"
  },
  "59": {
    "Type": "Upgrade",
    "Time": "14 3.5374135971069336",
    "Pos": "76.9547501, 83.3782806, -562.23761, 0.428466141, 0.654466748, -0.622968853, -0, 0.689462066, 0.724321902, 0.903557837, -0.310347408, 0.29541114"
  },
  "60": {
    "Time": "14 21.335068225860596",
    "Type": "SkipWave"
  },
  "61": {
    "Type": "Upgrade",
    "Time": "15 0.4773261547088623",
    "Pos": "76.9547501, 83.3782806, -562.23761, 0.428466141, 0.654466748, -0.622968853, -0, 0.689462066, 0.724321902, 0.903557837, -0.310347408, 0.29541114"
  },
  "62": {
    "Type": "Upgrade",
    "Time": "15 4.3447184562683105",
    "Pos": "71.5764465, 80.311203, -558.799622, 0.606930733, 0.6543926, -0.451004893, -0, 0.567476869, 0.823389351, 0.794754744, -0.499740303, 0.344419122"
  },
  "63": {
    "Type": "Upgrade",
    "Time": "15 5.0547449588775635",
    "Pos": "71.5764465, 80.311203, -558.799622, 0.606930733, 0.6543926, -0.451004893, -0, 0.567476869, 0.823389351, 0.794754744, -0.499740303, 0.344419122"
  },
  "64": {
    "Type": "Upgrade",
    "Time": "15 5.869604110717773",
    "Pos": "71.5764465, 80.311203, -558.799622, 0.606930733, 0.6543926, -0.451004893, -0, 0.567476869, 0.823389351, 0.794754744, -0.499740303, 0.344419122"
  },
  "65": {
    "Time": "15 33.686824560165405",
    "Type": "SkipWave"
  },
  "66": {
    "Type": "Upgrade",
    "Time": "16 2.8086163997650146",
    "Pos": "71.5764465, 80.311203, -558.799622, 0.606930733, 0.6543926, -0.451004893, -0, 0.567476869, 0.823389351, 0.794754744, -0.499740303, 0.344419122"
  },
  "67": {
    "Type": "Upgrade",
    "Time": "16 3.4965951442718506",
    "Pos": "71.5764465, 80.311203, -558.799622, 0.606930733, 0.6543926, -0.451004893, -0, 0.567476869, 0.823389351, 0.794754744, -0.499740303, 0.344419122"
  },
  "68": {
    "Type": "Upgrade",
    "Time": "16 8.584338426589966",
    "Pos": "80.2542419, 83.4202728, -560.803467, 0.454585403, 0.576146781, -0.679269493, 1.4901163e-08, 0.762621641, 0.646844864, 0.890703201, -0.294046223, 0.346676618"
  },
  "69": {
    "Type": "Upgrade",
    "Time": "16 9.076235055923462",
    "Pos": "80.2542419, 83.4202728, -560.803467, 0.454585403, 0.576146781, -0.679269493, 1.4901163e-08, 0.762621641, 0.646844864, 0.890703201, -0.294046223, 0.346676618"
  },
  "70": {
    "Type": "Upgrade",
    "Time": "16 10.163983821868896",
    "Pos": "80.2542419, 83.4202728, -560.803467, 0.454585403, 0.576146781, -0.679269493, 1.4901163e-08, 0.762621641, 0.646844864, 0.890703201, -0.294046223, 0.346676618"
  },
  "71": {
    "Time": "16 17.093786239624023",
    "Type": "SkipWave"
  },
  "72": {
    "Type": "Upgrade",
    "Time": "17 0.9333937168121338",
    "Pos": "80.2542419, 83.4202728, -560.803467, 0.454585403, 0.576146781, -0.679269493, 1.4901163e-08, 0.762621641, 0.646844864, 0.890703201, -0.294046223, 0.346676618"
  },
  "73": {
    "Type": "Upgrade",
    "Time": "17 1.5129897594451904",
    "Pos": "80.2542419, 83.4202728, -560.803467, 0.454585403, 0.576146781, -0.679269493, 1.4901163e-08, 0.762621641, 0.646844864, 0.890703201, -0.294046223, 0.346676618"
  },
  "74": {
    "Type": "Upgrade",
    "Time": "17 2.969346761703491",
    "Pos": "80.2542419, 83.4202728, -560.803467, 0.454585403, 0.576146781, -0.679269493, 1.4901163e-08, 0.762621641, 0.646844864, 0.890703201, -0.294046223, 0.346676618"
  },
  "75": {
    "Time": "17 17.287200212478638",
    "Type": "SkipWave"
  },
  "76": {
    "Type": "Upgrade",
    "Time": "18 5.727015495300293",
    "Pos": "80.2542419, 83.4202728, -560.803467, 0.454585403, 0.576146781, -0.679269493, 1.4901163e-08, 0.762621641, 0.646844864, 0.890703201, -0.294046223, 0.346676618"
  },
  "77": {
    "Type": "Upgrade",
    "Time": "18 6.61931300163269",
    "Pos": "80.2542419, 83.4202728, -560.803467, 0.454585403, 0.576146781, -0.679269493, 1.4901163e-08, 0.762621641, 0.646844864, 0.890703201, -0.294046223, 0.346676618"
  },
  "78": {
    "Time": "18 21.309261322021484",
    "Type": "SkipWave"
  },
  "79": {
    "Type": "Upgrade",
    "Time": "19 1.7253305912017822",
    "Pos": "80.2542419, 83.4202728, -560.803467, 0.454585403, 0.576146781, -0.679269493, 1.4901163e-08, 0.762621641, 0.646844864, 0.890703201, -0.294046223, 0.346676618"
  },
  "80": {
    "Type": "Upgrade",
    "Time": "19 21.3934326171875",
    "Pos": "71.4545135, 80.311203, -552.628906, 0.232698143, 0.844196975, -0.482890218, -7.45057971e-09, 0.496520162, 0.868025184, 0.972548962, -0.201987848, 0.115539342"
  },
  "81": {
    "Type": "Upgrade",
    "Time": "19 22.011796712875366",
    "Pos": "71.4545135, 80.311203, -552.628906, 0.232698143, 0.844196975, -0.482890218, -7.45057971e-09, 0.496520162, 0.868025184, 0.972548962, -0.201987848, 0.115539342"
  },
  "82": {
    "Time": "19 25.379732608795166",
    "Type": "SkipWave"
  },
  "83": {
    "Type": "Upgrade",
    "Time": "20 1.4111213684082031",
    "Pos": "71.4545135, 80.311203, -552.628906, 0.232698143, 0.844196975, -0.482890218, -7.45057971e-09, 0.496520162, 0.868025184, 0.972548962, -0.201987848, 0.115539342"
  },
  "84": {
    "Type": "Upgrade",
    "Time": "20 4.1232030391693115",
    "Pos": "71.4545135, 80.311203, -552.628906, 0.232698143, 0.844196975, -0.482890218, -7.45057971e-09, 0.496520162, 0.868025184, 0.972548962, -0.201987848, 0.115539342"
  },
  "85": {
    "Time": "20 18.159172296524048",
    "Type": "SkipWave"
  },
  "86": {
    "Type": "Upgrade",
    "Time": "21 1.6096696853637695",
    "Pos": "71.4545135, 80.311203, -552.628906, 0.232698143, 0.844196975, -0.482890218, -7.45057971e-09, 0.496520162, 0.868025184, 0.972548962, -0.201987848, 0.115539342"
  },
  "87": {
    "Time": "21 23.03621816635132",
    "Type": "SkipWave"
  },
  "88": {
    "Type": "Upgrade",
    "Time": "22 0.8164577484130859",
    "Pos": "71.4545135, 80.311203, -552.628906, 0.232698143, 0.844196975, -0.482890218, -7.45057971e-09, 0.496520162, 0.868025184, 0.972548962, -0.201987848, 0.115539342"
  },
  "89": {
    "Time": "22 25.42261552810669",
    "Type": "SkipWave"
  },
  "90": {
    "Type": "Upgrade",
    "Time": "23 1.9247395992279053",
    "Pos": "71.4545135, 80.311203, -552.628906, 0.232698143, 0.844196975, -0.482890218, -7.45057971e-09, 0.496520162, 0.868025184, 0.972548962, -0.201987848, 0.115539342"
  },
  "91": {
    "Time": "23 25.39273238182068",
    "Type": "SkipWave"
  },
  "92": {
    "Type": "Place",
    "Time": "24 15.462618827819824",
    "Rot": 0,
    "Pos": "102.836586, 81.2771225, -507.436401, -0.587682903, 0.548439801, -0.594846725, -1.49011594e-08, 0.735203385, 0.677846611, 0.80909133, 0.398358852, -0.43206647",
    "Unit": "Dragon Emperor [Hybrid]"
  },
  "93": {
    "Type": "Upgrade",
    "Time": "24 17.2952082157135",
    "Pos": "102.836586, 81.2771225, -507.436401, -0.587682903, 0.548439801, -0.594846725, -1.49011594e-08, 0.735203385, 0.677846611, 0.80909133, 0.398358852, -0.43206647"
  },
  "94": {
    "Type": "Upgrade",
    "Time": "24 17.745912551879883",
    "Pos": "102.836586, 81.2771225, -507.436401, -0.587682903, 0.548439801, -0.594846725, -1.49011594e-08, 0.735203385, 0.677846611, 0.80909133, 0.398358852, -0.43206647"
  },
  "95": {
    "Type": "Upgrade",
    "Time": "24 18.39623260498047",
    "Pos": "102.836586, 81.2771225, -507.436401, -0.587682903, 0.548439801, -0.594846725, -1.49011594e-08, 0.735203385, 0.677846611, 0.80909133, 0.398358852, -0.43206647"
  },
  "96": {
    "Type": "Upgrade",
    "Time": "24 19.749480724334717",
    "Pos": "102.836586, 81.2771225, -507.436401, -0.587682903, 0.548439801, -0.594846725, -1.49011594e-08, 0.735203385, 0.677846611, 0.80909133, 0.398358852, -0.43206647"
  },
  "97": {
    "Time": "24 21.33794903755188",
    "Type": "SkipWave"
  },
  "98": {
    "Type": "Upgrade",
    "Time": "25 1.4856383800506592",
    "Pos": "102.836586, 81.2771225, -507.436401, -0.587682903, 0.548439801, -0.594846725, -1.49011594e-08, 0.735203385, 0.677846611, 0.80909133, 0.398358852, -0.43206647"
  },
  "99": {
    "Type": "Sell",
    "Time": "25 96.74570322036743",
    "Pos": "102.836586, 81.2771225, -507.436401, -0.587682903, 0.548439801, -0.594846725, -1.49011594e-08, 0.735203385, 0.677846611, 0.80909133, 0.398358852, -0.43206647"
  },
  "100": {
    "Type": "Sell",
    "Time": "25 105.8165373802185",
    "Pos": "86.4730988, 80.311203, -539.40271, 0.993451893, -0.078747265, 0.0827785954, -3.7252903e-09, 0.724529028, 0.68924433, -0.114251591, -0.684731066, 0.719784677"
  },
  "101": {
    "Type": "Sell",
    "Time": "25 107.27421998977661",
    "Pos": "82.2072906, 80.311203, -541.111023, 0.225844741, 0.813087463, -0.536547363, -0, 0.550777614, 0.834652126, 0.974163294, -0.18850179, 0.124390244"
  },
  "102": {
    "Type": "Sell",
    "Time": "25 108.54408717155457",
    "Pos": "76.7628098, 80.311203, -543.536987, -0.419725329, 0.698853016, -0.579167724, -0, 0.638095081, 0.769957662, 0.907651246, 0.323170722, -0.26782462"
  },
  "103": {
    "Type": "Sell",
    "Time": "25 110.12661123275757",
    "Pos": "79.483551, 80.3111877, -530.374146, -0.671154261, 0.686028183, -0.280922562, -0, 0.378950298, 0.925417125, 0.741317809, 0.621097624, -0.254334062"
  },
  "104": {
    "Type": "Upgrade",
    "Time": "25 115.74440574645996",
    "Pos": "73.956459, 80.311203, -557.248718, 0.482249737, 0.705499887, -0.519331574, -1.4901163e-08, 0.592821479, 0.805333972, 0.876033902, -0.388372093, 0.285887957"
  },
  "105": {
    "Type": "Upgrade",
    "Time": "25 116.1098415851593",
    "Pos": "73.956459, 80.311203, -557.248718, 0.482249737, 0.705499887, -0.519331574, -1.4901163e-08, 0.592821479, 0.805333972, 0.876033902, -0.388372093, 0.285887957"
  }
}