{
  "1": {
    "Type": "Place",
    "Time": "1 2.0993504524230957",
    "Rot": 90,
    "Pos": "-63.5846634, 173.058273, 197.409714, 0.535284698, 0.678149879, -0.503570378, -0, 0.596172869, 0.802856147, 0.844671726, -0.429756612, 0.319122195",
    "Unit": "Bulba"
  },
  "2": {
    "Time": "1 9.303818941116333",
    "Type": "SkipWave"
  },
  "3": {
    "Type": "Place",
    "Time": "2 2.313690185546875",
    "Rot": 90,
    "Pos": "-61.3114548, 173.058273, 201.575928, 0.141924247, 0.759417534, -0.634935081, -0, 0.641427994, 0.767183304, 0.989877582, -0.108881913, 0.0910341665",
    "Unit": "Bulba"
  },
  "4": {
    "Time": "2 11.069497346878052",
    "Type": "SkipWave"
  },
  "5": {
    "Type": "Place",
    "Time": "3 0.4275989532470703",
    "Rot": 90,
    "Pos": "-65.7917786, 173.058273, 201.125793, 0.225727081, 0.826623201, -0.515501142, -0, 0.529158413, 0.84852308, 0.974190593, -0.191534638, 0.119445391",
    "Unit": "Speedcart"
  },
  "6": {
    "Type": "Place",
    "Time": "3 3.5716819763183594",
    "Rot": 90,
    "Pos": "-67.0339661, 173.058273, 205.213074, -0.109140046, 0.87105757, -0.478902102, -0, 0.481780082, 0.876292169, 0.994026423, 0.0956385657, -0.0525815003",
    "Unit": "Bulba"
  },
  "7": {
    "Time": "3 10.687408208847046",
    "Type": "SkipWave"
  },
  "8": {
    "Type": "Upgrade",
    "Time": "4 0.4438631534576416",
    "Pos": "-67.0339661, 173.058273, 205.213074, -0.109140046, 0.87105757, -0.478902102, -0, 0.481780082, 0.876292169, 0.994026423, 0.0956385657, -0.0525815003"
  },
  "9": {
    "Type": "Upgrade",
    "Time": "4 1.358384370803833",
    "Pos": "-61.3114548, 173.058273, 201.575928, 0.141924247, 0.759417534, -0.634935081, -0, 0.641427994, 0.767183304, 0.989877582, -0.108881913, 0.0910341665"
  },
  "10": {
    "Type": "Upgrade",
    "Time": "4 2.794504404067993",
    "Pos": "-63.5846634, 173.058273, 197.409714, 0.535284698, 0.678149879, -0.503570378, -0, 0.596172869, 0.802856147, 0.844671726, -0.429756612, 0.319122195"
  },
  "11": {
    "Time": "4 10.81872820854187",
    "Type": "SkipWave"
  },
  "12": {
    "Type": "Upgrade",
    "Time": "5 1.782764196395874",
    "Pos": "-65.7917786, 173.058273, 201.125793, 0.225727081, 0.826623201, -0.515501142, -0, 0.529158413, 0.84852308, 0.974190593, -0.191534638, 0.119445391"
  },
  "13": {
    "Type": "Place",
    "Time": "5 4.707470655441284",
    "Rot": 90,
    "Pos": "-86.882988, 175.779953, 209.967041, 0.128194258, -0.715118408, 0.687147677, -7.45058149e-09, 0.692864537, 0.721067846, -0.991749167, -0.0924367681, 0.0888212323",
    "Unit": "Urane [Servant]"
  },
  "14": {
    "Type": "Upgrade",
    "Time": "5 9.222133159637451",
    "Pos": "-61.3114548, 173.058273, 201.575928, 0.141924247, 0.759417534, -0.634935081, -0, 0.641427994, 0.767183304, 0.989877582, -0.108881913, 0.0910341665"
  },
  "15": {
    "Time": "5 18.15951681137085",
    "Type": "SkipWave"
  },
  "16": {
    "Type": "Upgrade",
    "Time": "6 1.4662487506866455",
    "Pos": "-61.3114548, 173.058273, 201.575928, 0.141924247, 0.759417534, -0.634935081, -0, 0.641427994, 0.767183304, 0.989877582, -0.108881913, 0.0910341665"
  },
  "17": {
    "Type": "Upgrade",
    "Time": "6 3.223193883895874",
    "Pos": "-65.7917786, 173.058273, 201.125793, 0.225727081, 0.826623201, -0.515501142, -0, 0.529158413, 0.84852308, 0.974190593, -0.191534638, 0.119445391"
  },
  "18": {
    "Type": "Upgrade",
    "Time": "6 5.439446687698364",
    "Pos": "-67.0339661, 173.058273, 205.213074, -0.109140046, 0.87105757, -0.478902102, -0, 0.481780082, 0.876292169, 0.994026423, 0.0956385657, -0.0525815003"
  },
  "19": {
    "Type": "Upgrade",
    "Time": "6 7.271114349365234",
    "Pos": "-67.0339661, 173.058273, 205.213074, -0.109140046, 0.87105757, -0.478902102, -0, 0.481780082, 0.876292169, 0.994026423, 0.0956385657, -0.0525815003"
  },
  "20": {
    "Time": "6 16.474695205688477",
    "Type": "SkipWave"
  },
  "21": {
    "Type": "Place",
    "Time": "7 0.44522738456726074",
    "Rot": 90,
    "Pos": "-79.6666336, 173.058273, 209.279678, 0.300534159, -0.855226636, 0.422216624, -7.4505806e-09, 0.442681313, 0.896679103, -0.953771114, -0.269482702, 0.133040845",
    "Unit": "Light [Sparkling]"
  },
  "22": {
    "Type": "Upgrade",
    "Time": "7 3.6651501655578613",
    "Pos": "-65.7917786, 173.058273, 201.125793, 0.225727081, 0.826623201, -0.515501142, -0, 0.529158413, 0.84852308, 0.974190593, -0.191534638, 0.119445391"
  },
  "23": {
    "Type": "Upgrade",
    "Time": "7 5.00351357460022",
    "Pos": "-63.5846634, 173.058273, 197.409714, 0.535284698, 0.678149879, -0.503570378, -0, 0.596172869, 0.802856147, 0.844671726, -0.429756612, 0.319122195"
  },
  "24": {
    "Type": "Upgrade",
    "Time": "7 7.34340238571167",
    "Pos": "-61.3114548, 173.058273, 201.575928, 0.141924247, 0.759417534, -0.634935081, -0, 0.641427994, 0.767183304, 0.989877582, -0.108881913, 0.0910341665"
  },
  "25": {
    "Time": "7 18.695772886276245",
    "Type": "SkipWave"
  },
  "26": {
    "Type": "Upgrade",
    "Time": "8 1.0098769664764404",
    "Pos": "-63.5846634, 173.058273, 197.409714, 0.535284698, 0.678149879, -0.503570378, -0, 0.596172869, 0.802856147, 0.844671726, -0.429756612, 0.319122195"
  },
  "27": {
    "Type": "Place",
    "Time": "8 4.706153631210327",
    "Rot": 90,
    "Pos": "-31.8101578, 173.058258, 120.568085, 0.781786323, 0.449793249, -0.431852132, -0, 0.692574143, 0.721346855, 0.623546422, -0.563939095, 0.541445017",
    "Unit": "Io from Heaven [Perfection]"
  },
  "28": {
    "Type": "Upgrade",
    "Time": "8 13.01272988319397",
    "Pos": "-67.0339661, 173.058273, 205.213074, -0.109140046, 0.87105757, -0.478902102, -0, 0.481780082, 0.876292169, 0.994026423, 0.0956385657, -0.0525815003"
  },
  "29": {
    "Time": "8 16.713176727294922",
    "Type": "SkipWave"
  },
  "30": {
    "Type": "Upgrade",
    "Time": "9 1.7797338962554932",
    "Pos": "-63.5846634, 173.058273, 197.409714, 0.535284698, 0.678149879, -0.503570378, -0, 0.596172869, 0.802856147, 0.844671726, -0.429756612, 0.319122195"
  },
  "31": {
    "Type": "Upgrade",
    "Time": "9 1.9769041538238525",
    "Pos": "-63.5846634, 173.058273, 197.409714, 0.535284698, 0.678149879, -0.503570378, -0, 0.596172869, 0.802856147, 0.844671726, -0.429756612, 0.319122195"
  },
  "32": {
    "Type": "Upgrade",
    "Time": "9 3.198026180267334",
    "Pos": "-61.3114548, 173.058273, 201.575928, 0.141924247, 0.759417534, -0.634935081, -0, 0.641427994, 0.767183304, 0.989877582, -0.108881913, 0.0910341665"
  },
  "33": {
    "Type": "Upgrade",
    "Time": "9 4.954870223999023",
    "Pos": "-65.7917786, 173.058273, 201.125793, 0.225727081, 0.826623201, -0.515501142, -0, 0.529158413, 0.84852308, 0.974190593, -0.191534638, 0.119445391"
  },
  "34": {
    "Type": "Upgrade",
    "Time": "9 8.07291579246521",
    "Pos": "-79.6666336, 173.058273, 209.279678, 0.300534159, -0.855226636, 0.422216624, -7.4505806e-09, 0.442681313, 0.896679103, -0.953771114, -0.269482702, 0.133040845"
  },
  "35": {
    "Type": "Upgrade",
    "Time": "9 8.563360691070557",
    "Pos": "-79.6666336, 173.058273, 209.279678, 0.300534159, -0.855226636, 0.422216624, -7.4505806e-09, 0.442681313, 0.896679103, -0.953771114, -0.269482702, 0.133040845"
  },
  "36": {
    "Time": "9 20.73097038269043",
    "Type": "SkipWave"
  },
  "37": {
    "Type": "Upgrade",
    "Time": "10 1.2248189449310303",
    "Pos": "-79.6666336, 173.058273, 209.279678, 0.300534159, -0.855226636, 0.422216624, -7.4505806e-09, 0.442681313, 0.896679103, -0.953771114, -0.269482702, 0.133040845"
  },
  "38": {
    "Type": "Upgrade",
    "Time": "10 1.549177885055542",
    "Pos": "-79.6666336, 173.058273, 209.279678, 0.300534159, -0.855226636, 0.422216624, -7.4505806e-09, 0.442681313, 0.896679103, -0.953771114, -0.269482702, 0.133040845"
  },
  "39": {
    "Type": "Place",
    "Time": "10 14.238083362579346",
    "Rot": 90,
    "Pos": "12.0032148, 173.158493, 214.314819, -0.877405047, 0.314983398, -0.361864358, 1.49011612e-08, 0.754276395, 0.656556964, 0.479750276, 0.576066375, -0.661805987",
    "Unit": "Light [Sparkling]"
  },
  "40": {
    "Time": "10 22.590599298477173",
    "Type": "SkipWave"
  },
  "41": {
    "Type": "Upgrade",
    "Time": "11 0.888070821762085",
    "Pos": "-65.7917786, 173.058273, 201.125793, 0.225727081, 0.826623201, -0.515501142, -0, 0.529158413, 0.84852308, 0.974190593, -0.191534638, 0.119445391"
  },
  "42": {
    "Type": "Upgrade",
    "Time": "11 15.851410150527954",
    "Pos": "12.0032148, 173.158493, 214.314819, -0.877405047, 0.314983398, -0.361864358, 1.49011612e-08, 0.754276395, 0.656556964, 0.479750276, 0.576066375, -0.661805987"
  },
  "43": {
    "Type": "Upgrade",
    "Time": "11 16.272857904434204",
    "Pos": "12.0032148, 173.158493, 214.314819, -0.877405047, 0.314983398, -0.361864358, 1.49011612e-08, 0.754276395, 0.656556964, 0.479750276, 0.576066375, -0.661805987"
  },
  "44": {
    "Time": "11 23.991982221603394",
    "Type": "SkipWave"
  },
  "45": {
    "Type": "Upgrade",
    "Time": "12 1.8485643863677979",
    "Pos": "-79.6666336, 173.058273, 209.279678, 0.300534159, -0.855226636, 0.422216624, -7.4505806e-09, 0.442681313, 0.896679103, -0.953771114, -0.269482702, 0.133040845"
  },
  "46": {
    "Type": "Upgrade",
    "Time": "12 2.328033447265625",
    "Pos": "-79.6666336, 173.058273, 209.279678, 0.300534159, -0.855226636, 0.422216624, -7.4505806e-09, 0.442681313, 0.896679103, -0.953771114, -0.269482702, 0.133040845"
  },
  "47": {
    "Type": "Upgrade",
    "Time": "12 9.04357624053955",
    "Pos": "12.0032148, 173.158493, 214.314819, -0.877405047, 0.314983398, -0.361864358, 1.49011612e-08, 0.754276395, 0.656556964, 0.479750276, 0.576066375, -0.661805987"
  },
  "48": {
    "Type": "Upgrade",
    "Time": "12 9.36477279663086",
    "Pos": "12.0032148, 173.158493, 214.314819, -0.877405047, 0.314983398, -0.361864358, 1.49011612e-08, 0.754276395, 0.656556964, 0.479750276, 0.576066375, -0.661805987"
  },
  "49": {
    "Time": "12 20.879596948623657",
    "Type": "SkipWave"
  },
  "50": {
    "Type": "Upgrade",
    "Time": "13 2.305913209915161",
    "Pos": "-65.7917786, 173.058273, 201.125793, 0.225727081, 0.826623201, -0.515501142, -0, 0.529158413, 0.84852308, 0.974190593, -0.191534638, 0.119445391"
  },
  "51": {
    "Type": "Upgrade",
    "Time": "13 5.76561164855957",
    "Pos": "-79.6666336, 173.058273, 209.279678, 0.300534159, -0.855226636, 0.422216624, -7.4505806e-09, 0.442681313, 0.896679103, -0.953771114, -0.269482702, 0.133040845"
  },
  "52": {
    "Time": "13 24.090684175491333",
    "Type": "SkipWave"
  },
  "53": {
    "Type": "Upgrade",
    "Time": "14 1.4435107707977295",
    "Pos": "12.0032148, 173.158493, 214.314819, -0.877405047, 0.314983398, -0.361864358, 1.49011612e-08, 0.754276395, 0.656556964, 0.479750276, 0.576066375, -0.661805987"
  },
  "54": {
    "Type": "Upgrade",
    "Time": "14 1.7195563316345215",
    "Pos": "12.0032148, 173.158493, 214.314819, -0.877405047, 0.314983398, -0.361864358, 1.49011612e-08, 0.754276395, 0.656556964, 0.479750276, 0.576066375, -0.661805987"
  },
  "55": {
    "Type": "Upgrade",
    "Time": "14 2.084937572479248",
    "Pos": "12.0032148, 173.158493, 214.314819, -0.877405047, 0.314983398, -0.361864358, 1.49011612e-08, 0.754276395, 0.656556964, 0.479750276, 0.576066375, -0.661805987"
  },
  "56": {
    "Type": "Upgrade",
    "Time": "14 2.239558219909668",
    "Pos": "12.0032148, 173.158493, 214.314819, -0.877405047, 0.314983398, -0.361864358, 1.49011612e-08, 0.754276395, 0.656556964, 0.479750276, 0.576066375, -0.661805987"
  },
  "57": {
    "Type": "Upgrade",
    "Time": "14 24.81598401069641",
    "Pos": "-31.8101578, 173.058258, 120.568085, 0.781786323, 0.449793249, -0.431852132, -0, 0.692574143, 0.721346855, 0.623546422, -0.563939095, 0.541445017"
  },
  "58": {
    "Time": "14 28.76736068725586",
    "Type": "SkipWave"
  },
  "59": {
    "Type": "Upgrade",
    "Time": "14 32.00464415550232",
    "Pos": "-31.8101578, 173.058258, 120.568085, 0.781786323, 0.449793249, -0.431852132, -0, 0.692574143, 0.721346855, 0.623546422, -0.563939095, 0.541445017"
  },
  "60": {
    "Type": "Upgrade",
    "Time": "15 0.9127514362335205",
    "Pos": "-31.8101578, 173.058258, 120.568085, 0.781786323, 0.449793249, -0.431852132, -0, 0.692574143, 0.721346855, 0.623546422, -0.563939095, 0.541445017"
  },
  "61": {
    "Type": "Upgrade",
    "Time": "15 1.3745100498199463",
    "Pos": "-31.8101578, 173.058258, 120.568085, 0.781786323, 0.449793249, -0.431852132, -0, 0.692574143, 0.721346855, 0.623546422, -0.563939095, 0.541445017"
  },
  "62": {
    "Time": "15 28.777134895324707",
    "Type": "SkipWave"
  },
  "63": {
    "Type": "Upgrade",
    "Time": "16 0.869596004486084",
    "Pos": "-31.8101578, 173.058258, 120.568085, 0.781786323, 0.449793249, -0.431852132, -0, 0.692574143, 0.721346855, 0.623546422, -0.563939095, 0.541445017"
  },
  "64": {
    "Type": "Upgrade",
    "Time": "16 1.066225290298462",
    "Pos": "-31.8101578, 173.058258, 120.568085, 0.781786323, 0.449793249, -0.431852132, -0, 0.692574143, 0.721346855, 0.623546422, -0.563939095, 0.541445017"
  },
  "65": {
    "Time": "16 27.081344604492188",
    "Type": "SkipWave"
  },
  "66": {
    "Type": "Upgrade",
    "Time": "17 3.7606494426727295",
    "Pos": "-31.8101578, 173.058258, 120.568085, 0.781786323, 0.449793249, -0.431852132, -0, 0.692574143, 0.721346855, 0.623546422, -0.563939095, 0.541445017"
  },
  "67": {
    "Type": "Upgrade",
    "Time": "17 4.576421737670898",
    "Pos": "-31.8101578, 173.058258, 120.568085, 0.781786323, 0.449793249, -0.431852132, -0, 0.692574143, 0.721346855, 0.623546422, -0.563939095, 0.541445017"
  },
  "68": {
    "Time": "17 27.121074676513672",
    "Type": "SkipWave"
  },
  "69": {
    "Type": "Upgrade",
    "Time": "18 5.47814416885376",
    "Pos": "-31.8101578, 173.058258, 120.568085, 0.781786323, 0.449793249, -0.431852132, -0, 0.692574143, 0.721346855, 0.623546422, -0.563939095, 0.541445017"
  },
  "70": {
    "Type": "Sell",
    "Time": "18 37.76510405540466",
    "Pos": "12.0032148, 173.158493, 214.314819, -0.877405047, 0.314983398, -0.361864358, 1.49011612e-08, 0.754276395, 0.656556964, 0.479750276, 0.576066375, -0.661805987"
  },
  "71": {
    "Type": "Sell",
    "Time": "18 37.76608729362488",
    "Pos": "-31.8101578, 173.058258, 120.568085, 0.781786323, 0.449793249, -0.431852132, -0, 0.692574143, 0.721346855, 0.623546422, -0.563939095, 0.541445017"
  },
  "72": {
    "Type": "Sell",
    "Time": "18 37.76691484451294",
    "Pos": "-67.0339661, 173.058273, 205.213074, -0.109140046, 0.87105757, -0.478902102, -0, 0.481780082, 0.876292169, 0.994026423, 0.0956385657, -0.0525815003"
  },
  "73": {
    "Type": "Sell",
    "Time": "18 37.76786494255066",
    "Pos": "-86.882988, 175.779953, 209.967041, 0.128194258, -0.715118408, 0.687147677, -7.45058149e-09, 0.692864537, 0.721067846, -0.991749167, -0.0924367681, 0.0888212323"
  },
  "74": {
    "Type": "Sell",
    "Time": "18 37.768672704696655",
    "Pos": "-79.6666336, 173.058273, 209.279678, 0.300534159, -0.855226636, 0.422216624, -7.4505806e-09, 0.442681313, 0.896679103, -0.953771114, -0.269482702, 0.133040845"
  },
  "75": {
    "Type": "Sell",
    "Time": "18 37.76914882659912",
    "Pos": "-65.7917786, 173.058273, 201.125793, 0.225727081, 0.826623201, -0.515501142, -0, 0.529158413, 0.84852308, 0.974190593, -0.191534638, 0.119445391"
  },
  "76": {
    "Type": "Sell",
    "Time": "18 37.769944190979004",
    "Pos": "-61.3114548, 173.058273, 201.575928, 0.141924247, 0.759417534, -0.634935081, -0, 0.641427994, 0.767183304, 0.989877582, -0.108881913, 0.0910341665"
  },
  "77": {
    "Type": "Sell",
    "Time": "18 37.77072548866272",
    "Pos": "-63.5846634, 173.058273, 197.409714, 0.535284698, 0.678149879, -0.503570378, -0, 0.596172869, 0.802856147, 0.844671726, -0.429756612, 0.319122195"
  },
  "78": {
    "Time": "18 33.54457664489746",
    "Type": "SkipWave"
  },
  "79": {
    "Time": "19 33.52859926223755",
    "Type": "SkipWave"
  }
}