{
  "1": {
    "Type": "Place",
    "Time": "0 12.363016128540039",
    "Rot": 0,
    "Unit": "Bulba",
    "Pos": "285.593475, 22.9803162, 54.2231979, -0.871633649, -0.295804679, 0.390838206, -2.98023259e-08, 0.797371924, 0.603488266, -0.490158081, 0.526020706, -0.695016086"
  },
  "2": {
    "Time": "1 5.716951608657837",
    "Type": "SkipWave"
  },
  "3": {
    "Type": "Place",
    "Time": "2 3.081796407699585",
    "Rot": 0,
    "Unit": "Bulba",
    "Pos": "285.902649, 22.9803162, 58.8389397, -0.945548952, -0.224122077, 0.236022353, -1.4901163e-08, 0.725151539, 0.688589275, -0.325480044, 0.651094854, -0.685666263"
  },
  "4": {
    "Time": "2 6.430359363555908",
    "Type": "SkipWave"
  },
  "5": {
    "Type": "Place",
    "Time": "3 4.517202854156494",
    "Rot": 0,
    "Unit": "Speedcart",
    "Pos": "289.40686, 22.9803162, 56.0505257, -0.962035358, -0.195837587, 0.190093741, 1.49011612e-08, 0.696505666, 0.717551231, -0.2729249, 0.690309644, -0.670063078"
  },
  "6": {
    "Time": "3 7.148167371749878",
    "Type": "SkipWave"
  },
  "7": {
    "Type": "Place",
    "Time": "4 1.29310941696167",
    "Rot": 0,
    "Unit": "Super Gohu [Powered]",
    "Pos": "300.273895, 26.7926865, -19.925663, 0.999513328, -0.0240749698, 0.0198364072, -0, 0.635897458, 0.771773577, -0.0311943442, -0.771397948, 0.63558805"
  },
  "8": {
    "Time": "4 7.868316411972046",
    "Type": "SkipWave"
  },
  "9": {
    "Type": "Place",
    "Time": "4 8.532843589782715",
    "Rot": 0,
    "Unit": "Bulba",
    "Pos": "291.112915, 22.9803162, 60.1070099, -0.87226212, -0.301581085, 0.384977609, -0, 0.787212908, 0.616681337, -0.489038765, 0.537907779, -0.686655939"
  },
  "10": {
    "Type": "Place",
    "Time": "5 2.3834102153778076",
    "Rot": 0,
    "Unit": "Twenty One [Demon]",
    "Pos": "298.758301, 27.8152962, 45.5887222, -0.939918995, -0.173633218, 0.293945551, -0, 0.861006021, 0.50859493, -0.341397852, 0.478038043, -0.809275746"
  },
  "11": {
    "Type": "Upgrade",
    "Time": "5 7.284146785736084",
    "Pos": "285.593475, 22.9803162, 54.2231979, -0.871633649, -0.295804679, 0.390838206, -2.98023259e-08, 0.797371924, 0.603488266, -0.490158081, 0.526020706, -0.695016086"
  },
  "12": {
    "Time": "5 8.609198808670044",
    "Type": "SkipWave"
  },
  "13": {
    "Type": "Place",
    "Time": "6 5.634142637252808",
    "Rot": 0,
    "Unit": "Greybeard",
    "Pos": "308.103973, 23.1147995, 40.7431946, -0.999999881, 0.000295985636, -0.00036621117, 1.45519135e-11, 0.777733862, 0.628593802, 0.000470869476, 0.628593743, -0.777733803"
  },
  "14": {
    "Type": "Place",
    "Time": "6 7.293221712112427",
    "Rot": 0,
    "Unit": "Greybeard",
    "Pos": "308.158417, 23.0383778, 47.3044815, -0.999999046, 0.000821606314, -0.00115966913, -0, 0.815966845, 0.578098834, 0.00142122118, 0.578098297, -0.81596595"
  },
  "15": {
    "Time": "6 9.312920570373535",
    "Type": "SkipWave"
  },
  "16": {
    "Type": "Upgrade",
    "Time": "6 9.311009645462036",
    "Pos": "285.902649, 22.9803162, 58.8389397, -0.945548952, -0.224122077, 0.236022353, -1.4901163e-08, 0.725151539, 0.688589275, -0.325480044, 0.651094854, -0.685666263"
  },
  "17": {
    "Type": "Upgrade",
    "Time": "7 0.9874136447906494",
    "Pos": "291.112915, 22.9803162, 60.1070099, -0.87226212, -0.301581085, 0.384977609, -0, 0.787212908, 0.616681337, -0.489038765, 0.537907779, -0.686655939"
  },
  "18": {
    "Type": "Upgrade",
    "Time": "7 2.6270437240600586",
    "Pos": "289.40686, 22.9803162, 56.0505257, -0.962035358, -0.195837587, 0.190093741, 1.49011612e-08, 0.696505666, 0.717551231, -0.2729249, 0.690309644, -0.670063078"
  },
  "19": {
    "Type": "Upgrade",
    "Time": "7 6.937046766281128",
    "Pos": "291.112915, 22.9803162, 60.1070099, -0.87226212, -0.301581085, 0.384977609, -0, 0.787212908, 0.616681337, -0.489038765, 0.537907779, -0.686655939"
  },
  "20": {
    "Type": "Upgrade",
    "Time": "7 8.477552652359009",
    "Pos": "285.902649, 22.9803162, 58.8389397, -0.945548952, -0.224122077, 0.236022353, -1.4901163e-08, 0.725151539, 0.688589275, -0.325480044, 0.651094854, -0.685666263"
  },
  "21": {
    "Type": "Upgrade",
    "Time": "7 9.9858238697052",
    "Pos": "285.593475, 22.9803162, 54.2231979, -0.871633649, -0.295804679, 0.390838206, -2.98023259e-08, 0.797371924, 0.603488266, -0.490158081, 0.526020706, -0.695016086"
  },
  "22": {
    "Type": "Upgrade",
    "Time": "8 2.4798011779785156",
    "Pos": "291.112915, 22.9803162, 60.1070099, -0.87226212, -0.301581085, 0.384977609, -0, 0.787212908, 0.616681337, -0.489038765, 0.537907779, -0.686655939"
  },
  "23": {
    "Type": "Upgrade",
    "Time": "8 3.970404863357544",
    "Pos": "285.902649, 22.9803162, 58.8389397, -0.945548952, -0.224122077, 0.236022353, -1.4901163e-08, 0.725151539, 0.688589275, -0.325480044, 0.651094854, -0.685666263"
  },
  "24": {
    "Type": "Upgrade",
    "Time": "8 5.412172317504883",
    "Pos": "285.593475, 22.9803162, 54.2231979, -0.871633649, -0.295804679, 0.390838206, -2.98023259e-08, 0.797371924, 0.603488266, -0.490158081, 0.526020706, -0.695016086"
  },
  "25": {
    "Type": "Upgrade",
    "Time": "8 8.644617319107056",
    "Pos": "289.40686, 22.9803162, 56.0505257, -0.962035358, -0.195837587, 0.190093741, 1.49011612e-08, 0.696505666, 0.717551231, -0.2729249, 0.690309644, -0.670063078"
  },
  "26": {
    "Type": "Upgrade",
    "Time": "9 0.9160895347595215",
    "Pos": "291.112915, 22.9803162, 60.1070099, -0.87226212, -0.301581085, 0.384977609, -0, 0.787212908, 0.616681337, -0.489038765, 0.537907779, -0.686655939"
  },
  "27": {
    "Type": "Upgrade",
    "Time": "9 2.3485164642333984",
    "Pos": "285.902649, 22.9803162, 58.8389397, -0.945548952, -0.224122077, 0.236022353, -1.4901163e-08, 0.725151539, 0.688589275, -0.325480044, 0.651094854, -0.685666263"
  },
  "28": {
    "Type": "Upgrade",
    "Time": "9 3.7817962169647217",
    "Pos": "285.593475, 22.9803162, 54.2231979, -0.871633649, -0.295804679, 0.390838206, -2.98023259e-08, 0.797371924, 0.603488266, -0.490158081, 0.526020706, -0.695016086"
  },
  "29": {
    "Type": "Upgrade",
    "Time": "9 7.364876747131348",
    "Pos": "298.758301, 27.8152962, 45.5887222, -0.939918995, -0.173633218, 0.293945551, -0, 0.861006021, 0.50859493, -0.341397852, 0.478038043, -0.809275746"
  },
  "30": {
    "Type": "Upgrade",
    "Time": "9 7.7342588901519775",
    "Pos": "298.758301, 27.8152962, 45.5887222, -0.939918995, -0.173633218, 0.293945551, -0, 0.861006021, 0.50859493, -0.341397852, 0.478038043, -0.809275746"
  },
  "31": {
    "Type": "Upgrade",
    "Time": "10 2.4430525302886963",
    "Pos": "298.758301, 27.8152962, 45.5887222, -0.939918995, -0.173633218, 0.293945551, -0, 0.861006021, 0.50859493, -0.341397852, 0.478038043, -0.809275746"
  },
  "32": {
    "Type": "Upgrade",
    "Time": "10 3.552750825881958",
    "Pos": "298.758301, 27.8152962, 45.5887222, -0.939918995, -0.173633218, 0.293945551, -0, 0.861006021, 0.50859493, -0.341397852, 0.478038043, -0.809275746"
  },
  "33": {
    "Type": "Upgrade",
    "Time": "10 5.821150064468384",
    "Pos": "308.103973, 23.1147995, 40.7431946, -0.999999881, 0.000295985636, -0.00036621117, 1.45519135e-11, 0.777733862, 0.628593802, 0.000470869476, 0.628593743, -0.777733803"
  },
  "34": {
    "Type": "Upgrade",
    "Time": "10 6.199346542358398",
    "Pos": "308.103973, 23.1147995, 40.7431946, -0.999999881, 0.000295985636, -0.00036621117, 1.45519135e-11, 0.777733862, 0.628593802, 0.000470869476, 0.628593743, -0.777733803"
  },
  "35": {
    "Type": "Upgrade",
    "Time": "10 6.539517879486084",
    "Pos": "308.103973, 23.1147995, 40.7431946, -0.999999881, 0.000295985636, -0.00036621117, 1.45519135e-11, 0.777733862, 0.628593802, 0.000470869476, 0.628593743, -0.777733803"
  },
  "36": {
    "Type": "Upgrade",
    "Time": "11 3.2840576171875",
    "Pos": "308.158417, 23.0383778, 47.3044815, -0.999999046, 0.000821606314, -0.00115966913, -0, 0.815966845, 0.578098834, 0.00142122118, 0.578098297, -0.81596595"
  },
  "37": {
    "Type": "Upgrade",
    "Time": "11 3.6920664310455322",
    "Pos": "308.158417, 23.0383778, 47.3044815, -0.999999046, 0.000821606314, -0.00115966913, -0, 0.815966845, 0.578098834, 0.00142122118, 0.578098297, -0.81596595"
  },
  "38": {
    "Type": "Upgrade",
    "Time": "11 4.125818252563477",
    "Pos": "308.158417, 23.0383778, 47.3044815, -0.999999046, 0.000821606314, -0.00115966913, -0, 0.815966845, 0.578098834, 0.00142122118, 0.578098297, -0.81596595"
  },
  "39": {
    "Type": "Sell",
    "Time": "11 7.594448804855347",
    "Pos": "300.273895, 26.7926865, -19.925663, 0.999513328, -0.0240749698, 0.0198364072, -0, 0.635897458, 0.771773577, -0.0311943442, -0.771397948, 0.63558805"
  },
  "40": {
    "Type": "Place",
    "Time": "11 11.170056581497192",
    "Rot": 0,
    "Unit": "Super Gohu",
    "Pos": "321.443542, 25.0066185, 42.7980576, 0.197264194, -0.877147317, 0.437835068, -0, 0.446610838, 0.894728363, -0.980350435, -0.176497877, 0.0881003067"
  },
  "41": {
    "Type": "Upgrade",
    "Time": "11 12.308969020843506",
    "Pos": "321.443542, 25.0066185, 42.7980576, 0.197264194, -0.877147317, 0.437835068, -0, 0.446610838, 0.894728363, -0.980350435, -0.176497877, 0.0881003067"
  },
  "42": {
    "Type": "Upgrade",
    "Time": "12 1.1583583354949951",
    "Pos": "321.443542, 25.0066185, 42.7980576, 0.197264194, -0.877147317, 0.437835068, -0, 0.446610838, 0.894728363, -0.980350435, -0.176497877, 0.0881003067"
  },
  "43": {
    "Type": "Upgrade",
    "Time": "12 1.666475772857666",
    "Pos": "321.443542, 25.0066185, 42.7980576, 0.197264194, -0.877147317, 0.437835068, -0, 0.446610838, 0.894728363, -0.980350435, -0.176497877, 0.0881003067"
  },
  "44": {
    "Type": "Upgrade",
    "Time": "12 2.1664772033691406",
    "Pos": "321.443542, 25.0066185, 42.7980576, 0.197264194, -0.877147317, 0.437835068, -0, 0.446610838, 0.894728363, -0.980350435, -0.176497877, 0.0881003067"
  },
  "45": {
    "Type": "Upgrade",
    "Time": "13 1.5668203830718994",
    "Pos": "308.103973, 23.1147995, 40.7431946, -0.999999881, 0.000295985636, -0.00036621117, 1.45519135e-11, 0.777733862, 0.628593802, 0.000470869476, 0.628593743, -0.777733803"
  },
  "46": {
    "Type": "Upgrade",
    "Time": "13 2.066563129425049",
    "Pos": "308.103973, 23.1147995, 40.7431946, -0.999999881, 0.000295985636, -0.00036621117, 1.45519135e-11, 0.777733862, 0.628593802, 0.000470869476, 0.628593743, -0.777733803"
  },
  "47": {
    "Type": "Upgrade",
    "Time": "13 3.073435068130493",
    "Pos": "308.103973, 23.1147995, 40.7431946, -0.999999881, 0.000295985636, -0.00036621117, 1.45519135e-11, 0.777733862, 0.628593802, 0.000470869476, 0.628593743, -0.777733803"
  },
  "48": {
    "Type": "Upgrade",
    "Time": "14 0.4071228504180908",
    "Pos": "321.443542, 25.0066185, 42.7980576, 0.197264194, -0.877147317, 0.437835068, -0, 0.446610838, 0.894728363, -0.980350435, -0.176497877, 0.0881003067"
  },
  "49": {
    "Type": "Upgrade",
    "Time": "14 0.908026933670044",
    "Pos": "321.443542, 25.0066185, 42.7980576, 0.197264194, -0.877147317, 0.437835068, -0, 0.446610838, 0.894728363, -0.980350435, -0.176497877, 0.0881003067"
  },
  "50": {
    "Type": "Upgrade",
    "Time": "15 2.0574839115142822",
    "Pos": "308.158417, 23.0383778, 47.3044815, -0.999999046, 0.000821606314, -0.00115966913, -0, 0.815966845, 0.578098834, 0.00142122118, 0.578098297, -0.81596595"
  },
  "51": {
    "Type": "Upgrade",
    "Time": "15 2.456094264984131",
    "Pos": "308.158417, 23.0383778, 47.3044815, -0.999999046, 0.000821606314, -0.00115966913, -0, 0.815966845, 0.578098834, 0.00142122118, 0.578098297, -0.81596595"
  },
  "52": {
    "Type": "Upgrade",
    "Time": "15 4.239470720291138",
    "Pos": "308.158417, 23.0383778, 47.3044815, -0.999999046, 0.000821606314, -0.00115966913, -0, 0.815966845, 0.578098834, 0.00142122118, 0.578098297, -0.81596595"
  },
  "53": {
    "Type": "Sell",
    "Time": "15 6.873544216156006",
    "Pos": "291.112915, 22.9803162, 60.1070099, -0.87226212, -0.301581085, 0.384977609, -0, 0.787212908, 0.616681337, -0.489038765, 0.537907779, -0.686655939"
  },
  "54": {
    "Type": "Sell",
    "Time": "15 7.753546714782715",
    "Pos": "289.40686, 22.9803162, 56.0505257, -0.962035358, -0.195837587, 0.190093741, 1.49011612e-08, 0.696505666, 0.717551231, -0.2729249, 0.690309644, -0.670063078"
  },
  "55": {
    "Type": "Sell",
    "Time": "15 8.731979608535767",
    "Pos": "285.593475, 22.9803162, 54.2231979, -0.871633649, -0.295804679, 0.390838206, -2.98023259e-08, 0.797371924, 0.603488266, -0.490158081, 0.526020706, -0.695016086"
  },
  "56": {
    "Type": "Sell",
    "Time": "15 9.793680191040039",
    "Pos": "285.902649, 22.9803162, 58.8389397, -0.945548952, -0.224122077, 0.236022353, -1.4901163e-08, 0.725151539, 0.688589275, -0.325480044, 0.651094854, -0.685666263"
  },
  "57": {
    "Type": "Upgrade",
    "Time": "15 11.181848526000977",
    "Pos": "321.443542, 25.0066185, 42.7980576, 0.197264194, -0.877147317, 0.437835068, -0, 0.446610838, 0.894728363, -0.980350435, -0.176497877, 0.0881003067"
  }
}